0 0.91 0.74 0.84 0.23 0.68 1.87
1 0.89 0.61 0.49 0.73 0.40 2.15
2 0.96 0.97 0.80 0.73 0.09 2.52
3 0.21 0.63 0.44 0.34 0.66 1.59
4 0.29 0.95 0.27 0.86 0.07 2.34
5 0.52 0.64 0.24 0.41 0.60 1.73
6 0.88 0.32 0.35 0.67 0.50 1.86
7 0.98 0.55 0.10 0.47 0.24 1.82
8 0.46 0.38 0.21 0.20 0.10 1.31
9 0.24 0.41 0.68 0.68 0.70 1.79
10 0.34 0.92 0.65 0.56 0.78 2.12
11 0.67 0.08 0.43 0.92 0.45 1.84
12 0.03 0.74 0.77 0.33 0.41 1.68
13 0.22 0.31 0.92 0.32 0.73 1.40
14 0.15 0.73 0.10 0.31 0.93 1.58
15 0.21 0.56 0.29 0.84 0.19 1.96
16 0.94 0.18 0.11 0.54 0.74 1.61
17 0.85 0.22 0.77 0.27 0.08 1.44
18 0.22 0.25 0.82 0.94 0.58 1.94
19 0.19 0.15 0.84 0.10 0.43 1.05
20 0.57 0.20 0.15 0.67 0.46 1.64
21 0.04 0.83 0.02 0.28 0.66 1.56
22 0.15 0.22 0.84 0.27 0.76 1.27
23 0.53 0.11 0.98 0.30 0.33 1.33
24 0.06 0.52 0.54 0.83 0.46 1.95
25 0.12 0.02 0.56 0.91 0.07 1.63
26 0.99 0.48 0.22 0.09 0.10 1.45
27 0.68 0.13 0.92 0.65 0.40 1.70
28 0.54 0.80 0.62 0.33 0.02 1.85
29 0.33 0.86 0.08 0.26 0.16 1.66
30 0.41 0.32 0.63 0.95 0.10 2.02
31 0.04 0.02 0.06 0.60 0.93 1.24
32 0.13 0.59 0.35 0.30 0.68 1.49
33 0.45 0.98 0.75 0.32 0.63 1.96
34 0.16 0.80 0.43 0.73 0.13 2.08
35 0.40 0.06 0.99 0.47 0.32 1.41
36 0.10 0.89 0.58 0.68 0.78 2.12
37 0.62 0.72 0.75 0.68 0.27 2.15
38 0.68 0.76 0.86 0.98 0.06 2.51
39 0.49 0.37 0.03 0.24 0.64 1.31
40 0.61 0.35 0.45 0.99 0.02 2.11
41 0.58 0.38 0.03 0.52 0.85 1.60
42 0.30 0.56 0.69 0.82 0.24 2.07
43 0.47 0.45 0.91 0.23 0.08 1.49
44 0.18 0.85 0.84 0.99 0.78 2.45
45 0.85 0.48 0.15 0.88 0.67 2.12
46 0.74 0.44 0.96 0.19 0.43 1.56
47 0.99 0.71 0.76 0.02 0.18 1.63
48 0.56 0.26 0.74 0.25 0.09 1.38
49 0.93 0.67 0.53 0.85 0.85 2.33
50 0.62 0.03 0.65 0.41 0.02 1.35
51 0.37 0.26 0.45 0.52 0.09 1.51
52 0.11 0.21 0.53 0.08 0.40 1.01
53 0.91 0.01 0.06 0.61 0.97 1.51
54 0.24 0.17 0.23 0.98 0.37 1.82
55 0.32 0.91 0.04 0.80 0.76 2.21
56 0.83 0.37 0.74 0.43 0.78 1.73
57 0.70 0.80 0.03 0.15 0.27 1.62
58 0.07 0.21 0.48 0.60 0.24 1.49
59 0.88 0.46 0.25 0.89 0.07 2.13
60 0.17 0.12 0.19 0.40 0.10 1.21
61 0.55 0.67 0.96 0.54 0.48 2.00
62 0.67 0.32 0.84 0.35 0.75 1.59
63 0.57 0.06 0.55 0.55 0.21 1.46
64 0.82 0.62 0.42 0.29 0.17 1.73
65 0.60 0.12 0.63 0.85 0.01 1.81
66 0.65 0.02 0.08 0.78 0.37 1.62
67 0.13 0.34 0.05 0.09 0.82 1.04
68 0.47 0.71 0.15 0.26 0.06 1.62
69 0.90 0.83 0.12 0.45 0.38 1.99
70 0.27 0.21 0.95 0.64 0.45 1.66
71 0.13 0.24 0.52 0.71 0.09 1.61
72 0.53 0.31 0.06 0.56 0.09 1.59
73 0.44 0.69 0.37 0.43 0.78 1.78
74 0.20 0.90 0.49 0.35 0.11 1.82
75 0.56 0.24 0.94 0.62 0.64 1.74
76 0.27 0.90 0.85 0.18 0.54 1.75
77 0.30 0.30 0.78 0.83 0.96 1.87
78 0.82 0.31 0.21 0.83 0.87 1.97
79 0.30 0.22 0.50 0.63 0.65 1.57
80 0.29 0.83 0.50 0.73 0.17 2.15
81 0.61 0.23 0.37 0.51 0.86 1.55
82 0.00 0.73 0.70 0.80 0.90 2.10
83 0.24 0.10 0.16 0.97 0.88 1.73
84 0.06 0.74 0.13 0.28 0.57 1.53
85 0.94 0.53 0.74 0.45 0.15 1.88
86 0.33 0.69 0.98 0.78 0.42 2.19
87 0.10 0.34 0.60 0.47 0.84 1.47
88 0.46 0.47 0.52 0.16 0.27 1.40
89 0.37 0.35 0.32 0.53 0.26 1.57
90 0.15 0.54 0.00 0.28 0.82 1.39
91 0.52 0.17 0.29 0.26 0.62 1.22
92 0.45 0.59 0.26 0.37 0.31 1.64
93 0.67 0.48 0.65 0.27 0.89 1.58
94 0.50 0.68 0.36 0.97 0.79 2.31
95 0.58 0.34 0.08 0.85 0.82 1.90
96 0.35 0.95 0.31 0.35 0.18 1.88
97 0.12 0.82 0.35 0.37 0.02 1.71
98 0.92 0.81 0.56 0.18 0.14 1.83
99 0.87 0.80 0.61 0.52 0.07 2.11
100 0.50 0.97 0.70 0.81 0.94 2.45
101 0.49 0.35 0.23 0.57 0.15 1.62
102 0.04 0.92 0.10 0.35 0.21 1.73
103 0.27 0.43 0.98 0.57 0.74 1.76
104 0.00 0.49 0.55 0.56 0.62 1.66
105 0.64 0.43 0.41 0.25 0.95 1.47
106 0.43 0.70 0.92 0.13 0.46 1.61
107 0.81 0.62 0.76 0.03 0.14 1.52
108 0.90 0.03 0.00 0.00 0.38 0.95
109 0.16 0.22 0.75 0.14 0.80 1.13
110 0.49 0.14 0.24 0.99 0.65 1.89
111 0.85 0.63 0.08 0.26 0.83 1.65
112 0.03 0.70 0.48 0.90 0.78 2.14
113 0.89 0.71 0.34 0.65 0.74 2.13
114 0.48 0.55 0.77 0.48 0.50 1.81
115 0.10 0.59 0.67 0.80 0.74 1.99
116 0.42 0.24 0.83 0.65 0.23 1.72
117 0.48 0.45 0.81 0.56 0.67 1.79
118 0.58 0.54 0.31 0.01 0.39 1.31
119 0.09 0.90 0.10 0.43 0.55 1.78
120 0.79 0.85 0.05 0.51 0.28 2.04
121 0.55 0.55 0.87 0.17 0.30 1.54
122 0.55 0.59 0.54 0.38 0.19 1.73
123 0.71 0.81 0.64 0.47 0.31 2.03
124 0.25 0.06 0.80 0.57 0.07 1.44
125 0.19 0.60 0.91 0.23 0.98 1.54
126 0.46 0.97 0.83 0.45 0.48 2.12
127 0.11 0.95 0.98 0.93 0.12 2.44
128 0.27 0.48 0.71 0.81 0.81 2.00
129 0.84 0.47 0.57 0.48 0.95 1.82
130 0.89 0.69 0.00 0.68 0.20 2.10
131 0.02 0.82 0.80 0.93 0.05 2.29
132 0.73 0.34 0.02 0.56 0.80 1.67
133 0.44 0.61 0.75 0.42 0.49 1.77
134 0.87 0.64 0.97 0.52 0.40 2.07
135 0.74 0.36 0.87 0.31 0.79 1.58
136 0.82 0.19 0.43 0.77 0.83 1.86
137 0.63 0.74 0.64 0.38 0.67 1.87
138 0.69 0.10 0.96 0.66 0.61 1.73
139 0.71 0.11 0.17 0.46 0.53 1.39
140 0.66 0.27 0.12 0.59 0.74 1.64
141 0.52 0.32 0.10 0.40 0.58 1.44
142 0.85 0.22 0.72 0.27 0.94 1.47
143 0.55 0.85 0.68 0.14 0.23 1.71
144 0.30 0.78 0.28 0.21 0.44 1.60
145 0.89 0.92 0.55 0.06 0.38 1.78
146 0.02 0.68 0.60 0.14 0.26 1.43
147 0.35 0.67 0.53 0.40 0.01 1.72
148 0.11 0.19 0.18 0.78 0.47 1.60
149 0.12 0.27 0.26 0.75 0.41 1.63
150 0.49 0.99 0.14 0.77 0.21 2.33
151 0.58 0.61 0.13 0.08 0.63 1.39
152 0.51 0.05 0.30 0.07 0.14 0.96
153 0.56 0.41 0.76 0.04 0.81 1.30
154 0.77 0.10 0.00 0.90 0.88 1.82
155 0.42 0.02 0.15 0.68 0.72 1.45
156 0.51 0.12 0.71 0.65 0.84 1.64
157 0.92 0.18 0.41 0.05 0.20 1.17
158 0.03 0.51 0.25 0.33 0.58 1.42
159 0.34 0.84 0.94 0.10 0.88 1.66
160 0.70 0.82 0.98 0.65 0.73 2.29
161 0.81 0.02 0.70 0.96 0.65 1.92
162 0.36 0.42 0.77 0.08 0.07 1.29
163 0.57 0.94 0.19 0.97 0.94 2.50
164 0.40 0.01 0.45 0.59 0.29 1.41
165 0.98 0.94 0.08 0.87 0.98 2.50
166 0.96 0.57 0.81 0.90 0.18 2.37
167 0.48 0.71 0.20 0.13 0.62 1.49
168 0.85 0.49 0.04 0.57 0.51 1.84
169 0.06 0.13 0.46 0.25 0.06 1.07
170 0.35 0.65 0.01 0.75 0.24 1.97
171 0.30 0.73 0.18 0.37 0.55 1.68
172 0.16 0.29 0.08 0.92 0.18 1.80
173 0.25 0.35 0.84 0.45 0.42 1.54
174 0.46 0.24 0.86 0.44 0.81 1.55
175 0.38 0.50 0.89 0.78 0.75 2.03
176 0.90 0.13 0.40 0.91 0.88 1.95
177 0.64 0.15 0.56 0.77 0.48 1.77
178 0.06 0.88 0.76 0.14 0.75 1.62
179 0.89 0.39 0.04 0.68 0.78 1.86
180 0.46 0.08 0.02 0.27 0.53 1.12
181 0.78 0.65 0.03 0.62 0.38 1.97
182 0.79 0.52 0.46 0.19 0.37 1.55
183 0.29 0.78 0.52 0.85 0.50 2.22
184 1.00 0.86 0.33 0.71 0.00 2.35
185 0.07 0.55 0.34 0.06 0.23 1.20
186 0.12 0.53 0.31 0.09 0.80 1.25
187 0.84 0.82 0.40 0.87 0.44 2.42
188 0.73 0.61 0.90 0.19 0.74 1.69
189 0.27 0.48 0.52 0.75 0.28 1.88
190 0.97 0.69 0.15 0.30 0.35 1.79
191 0.15 0.32 0.90 0.49 0.38 1.54
192 0.08 0.56 0.86 0.34 0.60 1.58
193 0.61 0.18 0.42 0.96 0.00 1.92
194 0.81 0.69 0.56 0.72 0.88 2.21
195 0.30 0.94 0.31 0.77 0.64 2.24
196 0.60 0.74 0.33 0.70 0.98 2.13
197 0.68 0.85 0.30 0.58 0.28 2.10
198 0.68 0.61 0.79 0.49 0.94 1.94
199 0.40 0.09 0.07 0.77 0.05 1.56
200 0.02 0.58 0.69 0.58 0.25 1.78
201 0.52 0.83 0.14 0.83 0.60 2.24
202 0.78 0.38 0.34 0.06 0.07 1.29
203 0.32 0.74 0.87 0.57 0.26 1.99
204 0.15 0.26 0.87 0.89 0.74 1.89
205 0.76 0.24 0.79 0.84 0.01 1.97
206 0.79 0.81 0.54 0.47 0.39 2.06
207 0.73 0.99 0.22 0.87 0.77 2.49
208 0.77 0.60 0.14 0.10 0.66 1.48
209 0.22 0.37 0.39 0.08 0.95 1.14
210 0.60 0.18 0.15 0.42 0.08 1.40
211 0.84 0.19 0.26 0.58 0.97 1.63
212 0.27 0.37 0.78 0.75 0.84 1.87
213 0.12 0.49 0.78 0.29 0.31 1.45
214 0.55 0.06 0.91 0.64 0.11 1.61
215 0.52 0.85 0.43 0.86 0.89 2.34
216 0.33 0.46 0.02 0.48 0.83 1.57
217 0.05 0.27 0.02 0.31 0.85 1.16
218 0.94 0.58 0.17 0.72 0.28 2.09
219 0.01 0.79 0.77 0.74 0.08 2.07
220 0.08 0.23 0.08 0.94 0.87 1.77
221 0.19 0.46 0.67 0.62 0.27 1.75
222 0.56 0.95 0.72 0.53 0.38 2.18
223 0.50 0.57 0.59 0.52 0.88 1.83
224 0.45 0.45 0.41 0.61 0.12 1.79
225 0.70 0.57 0.91 0.42 0.26 1.83
226 0.93 0.50 0.49 0.01 0.39 1.42
227 0.36 0.20 0.80 0.03 0.77 1.07
228 0.07 0.54 0.67 0.74 0.06 1.90
229 0.99 0.24 0.64 0.59 0.71 1.79
230 0.47 0.98 0.11 0.83 0.55 2.37
231 0.24 0.53 0.12 0.09 0.94 1.23
232 0.32 0.02 0.39 0.81 0.03 1.59
233 0.73 0.12 0.18 0.54 0.10 1.48
234 0.90 0.60 0.63 0.57 0.29 2.04
235 0.70 0.57 0.54 0.28 0.11 1.64
236 0.25 0.75 0.09 0.36 0.53 1.68
237 0.63 0.55 0.06 0.70 0.64 1.93
238 0.95 0.02 0.66 0.29 0.79 1.35
239 0.64 0.03 0.90 0.82 0.56 1.77
240 0.00 0.72 0.12 0.58 0.25 1.78
241 0.41 0.28 0.76 0.89 0.51 1.94
242 0.87 0.09 0.21 0.91 0.40 1.88
243 0.74 0.54 0.95 0.75 0.19 2.15
244 0.54 0.65 0.22 0.19 0.95 1.55
245 0.95 0.83 0.92 0.80 0.60 2.49
246 0.43 0.75 0.33 0.55 0.33 1.94
247 0.57 0.90 0.56 0.34 0.75 1.93
248 0.07 0.16 0.84 0.28 0.06 1.19
249 0.24 0.97 0.56 0.14 0.72 1.69
250 0.75 0.68 0.37 0.91 0.82 2.34
251 0.27 0.87 0.61 0.19 0.67 1.67
252 0.21 0.62 0.37 0.48 0.11 1.72
253 0.71 0.06 0.02 0.27 0.34 1.15
254 0.77 0.28 0.45 0.55 0.51 1.71
255 0.51 0.75 0.48 0.07 0.89 1.52
256 0.14 0.76 0.52 0.46 0.68 1.82
257 0.29 0.73 0.54 0.89 0.92 2.23
258 0.16 0.10 0.49 0.54 0.59 1.37
259 0.60 0.19 0.59 0.57 0.46 1.60
260 0.89 0.28 0.74 0.33 0.84 1.59
261 0.20 0.80 0.53 0.68 0.81 2.05
262 0.42 0.82 0.58 0.89 0.23 2.35
263 0.25 0.17 0.96 0.75 0.01 1.71
264 0.83 0.86 0.11 0.31 0.39 1.89
265 0.65 0.86 0.58 0.19 0.43 1.78
266 0.99 0.03 0.66 0.68 0.31 1.73
267 0.45 0.88 0.10 0.99 0.50 2.40
268 0.87 0.36 0.27 0.44 0.24 1.66
269 0.50 0.70 0.37 0.47 0.39 1.83
270 0.38 0.30 0.25 0.44 0.56 1.46
271 0.65 0.04 0.43 0.18 0.18 1.10
272 0.81 0.12 0.21 0.47 0.80 1.47
273 0.51 0.92 0.68 0.57 0.91 2.17
274 0.18 0.43 0.27 0.46 0.83 1.53
275 0.46 0.96 0.47 0.82 0.38 2.38
276 0.87 0.15 0.62 0.12 0.60 1.25
277 0.19 0.71 0.64 0.61 0.84 1.93
278 0.82 0.42 0.96 0.97 0.84 2.31
279 0.76 0.44 0.76 0.39 0.95 1.71
280 0.62 0.52 0.34 0.89 0.93 2.15
281 0.16 0.29 0.84 0.64 0.12 1.65
282 0.21 0.50 0.27 0.84 0.62 1.95
283 0.81 0.03 0.33 0.40 0.59 1.34
284 0.12 0.17 0.95 0.08 0.14 1.05
285 0.79 0.84 0.53 0.50 0.18 2.09
286 0.48 0.12 0.70 0.82 0.01 1.78
287 0.63 0.98 0.25 0.42 0.56 2.03
288 0.32 0.63 0.07 0.53 0.42 1.76
289 0.63 0.35 0.39 0.91 0.75 2.03
290 0.98 0.03 0.87 0.93 0.11 1.99
291 0.01 0.67 0.90 0.48 0.17 1.76
292 0.08 0.96 0.29 0.73 0.73 2.17
293 0.25 0.31 0.66 0.50 0.73 1.53
294 0.22 0.81 0.31 0.29 0.35 1.68
295 0.73 0.87 0.64 0.12 0.78 1.76
296 0.34 0.10 0.81 0.21 0.98 1.18
297 0.87 0.22 0.60 0.78 0.65 1.90
298 0.77 0.81 0.61 0.01 0.49 1.63
299 0.34 0.20 0.81 1.00 0.65 1.97
300 0.48 0.22 0.41 0.79 0.46 1.79
301 0.70 0.52 0.33 0.35 0.64 1.64
302 0.06 0.69 0.69 0.87 0.90 2.15
303 0.62 0.70 0.06 0.17 0.47 1.54
304 0.71 0.89 0.23 0.27 0.90 1.86
305 0.72 0.56 0.05 0.48 0.55 1.75
306 0.70 0.96 0.72 0.11 0.76 1.85
307 0.13 0.81 0.28 0.46 0.11 1.78
308 0.87 0.52 0.79 0.51 0.34 1.94
309 0.64 0.08 0.99 0.65 0.25 1.67
310 0.46 0.31 0.14 0.64 0.57 1.66
311 0.04 0.36 0.13 0.09 0.78 1.03
312 0.63 0.73 0.75 0.31 0.84 1.84
313 0.50 0.44 0.60 0.73 0.85 1.92
314 0.71 0.55 0.32 0.45 0.06 1.77
315 0.61 0.09 0.15 0.59 0.69 1.47
316 0.40 0.05 0.99 0.54 0.64 1.49
317 0.52 0.52 0.94 0.59 0.56 1.92
318 0.73 0.18 0.29 0.47 0.48 1.51
319 0.08 0.93 0.92 0.69 0.66 2.18
320 0.77 0.34 0.21 0.08 0.79 1.27
321 0.22 0.64 0.83 0.37 0.23 1.68
322 0.51 0.71 0.23 0.45 0.20 1.83
323 0.86 0.97 0.72 0.81 0.51 2.53
324 0.22 0.48 0.69 0.51 0.96 1.70
325 0.17 0.55 0.83 0.09 0.18 1.33
326 0.49 0.81 0.52 0.65 0.84 2.13
327 0.31 0.81 0.48 0.09 0.13 1.52
328 0.71 0.60 0.84 0.94 0.05 2.35
329 0.04 0.75 0.97 0.70 0.56 2.05
330 0.48 0.92 0.04 0.17 0.39 1.69
331 0.95 0.29 0.93 0.78 0.33 2.04
332 0.11 0.22 0.13 0.63 0.82 1.48
333 0.92 0.89 0.63 0.35 0.98 2.05
334 0.76 0.00 0.53 0.55 0.94 1.49
335 0.53 0.53 0.63 0.49 0.23 1.78
336 0.19 0.92 0.10 0.18 0.04 1.62
337 0.49 0.08 0.33 0.42 0.86 1.30
338 0.65 0.48 0.03 0.73 0.06 1.92
339 0.84 0.60 0.95 0.42 0.90 1.93
340 0.88 0.13 0.90 0.41 0.68 1.56
341 0.78 0.93 0.21 0.42 0.38 2.03
342 0.39 0.61 0.25 0.49 0.74 1.75
343 0.29 0.98 0.82 0.56 0.35 2.15
344 0.63 0.16 0.83 0.61 0.85 1.69
345 0.89 0.40 0.45 0.79 0.82 2.04
346 0.34 0.62 0.90 0.19 0.97 1.58
347 0.58 0.97 0.85 0.73 0.39 2.40
348 0.23 0.12 0.95 0.48 0.55 1.42
349 0.69 0.71 0.53 0.46 0.27 1.92
350 0.83 0.03 0.44 0.61 0.64 1.58
351 0.23 0.45 0.04 0.68 0.24 1.69
352 0.81 0.97 0.80 0.71 0.16 2.46
353 0.78 0.28 0.08 0.63 0.96 1.71
354 0.47 0.81 0.03 0.42 0.24 1.83
355 0.58 0.06 0.90 0.06 0.46 1.07
356 0.17 0.89 0.50 0.56 0.45 2.01
357 0.13 0.79 0.89 0.12 0.41 1.55
358 0.08 0.93 0.33 0.88 0.64 2.29
359 0.44 0.61 0.87 0.53 0.19 1.89
360 0.83 0.95 0.95 0.86 0.32 2.62
361 0.19 0.39 0.38 0.04 0.40 1.10
362 0.80 0.21 0.24 0.29 0.71 1.38
363 0.69 0.43 0.45 0.58 0.55 1.81
364 0.86 0.66 0.43 0.14 0.50 1.64
365 0.06 0.59 0.11 0.93 0.06 2.00
366 0.25 0.77 0.02 0.20 0.58 1.52
367 0.34 0.34 0.92 0.67 0.37 1.79
368 0.32 0.47 0.53 0.57 0.77 1.75
369 0.24 0.26 0.14 0.69 0.79 1.59
370 0.64 0.50 0.41 0.06 0.64 1.37
371 0.90 0.08 0.18 0.96 0.01 1.89
372 0.24 0.21 0.73 0.21 0.41 1.21
373 0.26 0.55 0.74 0.18 0.17 1.43
374 0.07 0.45 0.64 0.60 0.97 1.70
375 0.36 0.79 0.17 0.45 0.43 1.81
376 0.97 0.04 0.93 0.37 0.05 1.48
377 0.52 0.22 0.13 0.65 0.18 1.59
378 0.09 0.89 0.39 0.81 0.05 2.20
379 0.74 0.02 0.59 0.49 0.15 1.43
380 0.71 0.50 0.60 0.31 0.10 1.65
381 0.51 0.66 0.89 0.69 0.06 2.10
382 0.32 0.60 0.10 0.20 0.93 1.44
383 0.09 0.67 0.15 0.22 0.32 1.42
384 0.28 0.31 0.16 0.66 0.07 1.62
385 0.20 0.40 0.04 0.75 0.84 1.72
386 0.19 0.46 0.34 0.73 0.77 1.82
387 0.39 0.25 0.38 0.29 0.88 1.29
388 0.44 0.56 0.49 0.49 0.76 1.77
389 0.41 0.58 0.43 0.51 0.75 1.77
390 0.75 0.79 0.01 0.85 0.40 2.30
391 0.08 0.06 0.76 0.12 0.80 0.94
392 0.54 0.25 0.26 0.89 0.99 1.90
393 0.98 0.23 0.18 0.36 0.46 1.48
394 0.07 0.75 0.02 0.56 0.23 1.78
395 0.78 0.92 0.76 0.16 0.43 1.87
396 0.51 0.86 0.22 0.47 0.71 1.96
397 0.57 0.49 0.71 0.33 0.61 1.62
398 0.51 0.87 0.81 0.73 0.70 2.31
399 0.80 0.65 0.93 0.98 0.01 2.46
400 0.39 1.00 0.71 0.41 0.55 2.07
401 0.89 0.14 0.42 0.65 0.25 1.70
402 0.85 0.11 0.11 0.02 0.58 1.04
403 0.77 0.59 0.07 0.48 0.91 1.80
404 0.63 0.94 0.73 0.44 0.62 2.13
405 0.44 0.19 0.27 0.37 0.12 1.30
406 0.23 0.76 0.12 0.94 0.12 2.21
407 0.63 0.82 0.22 0.05 0.42 1.55
408 0.47 0.85 0.54 0.53 0.81 2.05
409 0.07 0.24 0.35 0.14 0.72 1.04
410 0.21 0.72 0.61 0.95 0.11 2.27
411 0.23 0.38 0.31 0.45 0.70 1.47
412 0.38 0.67 0.46 0.50 0.56 1.85
413 0.53 0.08 0.38 0.74 0.08 1.61
414 0.76 0.16 0.92 0.29 0.69 1.44
415 0.69 0.31 0.93 0.99 0.40 2.17
416 0.60 0.20 0.12 0.16 0.10 1.16
417 0.23 0.33 0.48 0.48 0.78 1.51
418 0.12 0.86 0.40 0.58 0.32 1.98
419 0.96 0.06 0.39 0.29 0.80 1.31
420 0.47 0.05 0.91 0.34 0.29 1.30
421 0.60 0.98 0.55 0.47 0.96 2.12
422 0.94 0.02 0.11 0.06 0.17 1.03
423 0.21 0.29 0.46 0.64 0.73 1.61
424 0.24 0.76 0.59 0.59 0.29 1.97
425 0.90 0.55 0.30 0.25 0.79 1.62
426 0.10 0.66 0.78 0.00 0.95 1.34
427 0.02 0.55 0.88 0.57 0.97 1.76
428 0.84 0.51 0.98 0.90 0.57 2.33
429 0.11 0.06 0.82 0.51 0.65 1.34
430 0.54 0.70 0.36 0.08 0.28 1.50
431 0.60 0.93 0.78 0.90 0.13 2.52
432 0.57 0.94 0.79 0.35 0.95 2.03
433 0.70 0.37 0.44 0.57 0.94 1.75
434 0.36 0.36 0.40 0.29 0.27 1.39
435 0.97 0.35 0.33 0.74 0.86 1.96
436 0.93 0.23 0.56 0.30 0.31 1.49
437 0.84 0.90 0.19 0.62 0.80 2.21
438 0.32 0.13 0.75 0.11 0.48 1.09
439 0.64 0.81 0.80 0.03 0.38 1.63
440 0.68 0.40 0.75 0.08 0.69 1.38
441 0.96 0.00 0.04 0.25 0.74 1.17
442 0.85 0.18 0.92 0.41 0.43 1.59
443 0.23 0.25 0.28 0.41 0.82 1.34
444 0.08 0.68 0.95 0.77 0.79 2.10
445 0.38 0.36 0.55 0.18 0.35 1.29
446 0.88 0.81 0.69 0.58 0.84 2.22
447 0.33 0.54 0.84 0.32 0.74 1.60
448 0.53 0.17 0.91 0.45 0.57 1.53
449 0.29 0.63 0.77 0.57 0.99 1.88
450 0.58 0.59 0.67 0.48 0.31 1.86
451 0.41 0.86 0.68 0.96 0.98 2.46
452 0.97 0.79 0.79 0.66 0.37 2.33
453 0.63 0.99 0.86 0.42 0.31 2.14
454 0.60 0.90 0.48 0.46 0.36 2.05
455 1.00 0.75 0.93 0.77 0.31 2.40
456 0.87 0.30 0.91 0.54 0.73 1.81
457 0.22 0.90 0.59 0.84 0.81 2.30
458 0.52 0.82 0.60 0.31 0.43 1.84
459 0.97 0.88 0.37 0.84 0.25 2.47
460 0.68 0.38 0.16 0.11 0.84 1.29
461 0.51 0.05 0.59 0.39 0.77 1.30
462 0.85 0.26 0.02 0.75 0.74 1.83
463 0.74 0.92 0.64 0.28 0.71 1.96
464 0.40 0.80 0.48 0.01 0.10 1.48
465 0.91 0.93 0.93 0.28 0.71 2.06
466 0.19 0.91 0.09 0.34 0.96 1.76
467 0.93 0.80 0.01 0.46 0.14 1.98
468 0.78 0.31 0.40 0.79 0.01 1.94
469 0.09 0.49 0.93 0.68 0.77 1.84
470 0.64 0.08 0.56 0.07 0.08 1.07
471 0.62 0.98 0.01 0.55 0.20 2.10
472 0.73 0.69 0.05 0.77 0.98 2.15
473 0.01 0.65 0.73 0.97 0.11 2.18
474 0.87 0.75 0.42 0.21 0.49 1.78
475 0.43 0.30 0.98 0.31 0.98 1.47
476 0.70 0.91 0.06 0.26 0.98 1.84
477 0.09 0.88 0.90 0.05 0.38 1.55
478 0.10 0.78 0.01 0.11 0.49 1.40
479 0.99 0.12 0.14 0.72 0.09 1.73
480 0.25 0.54 0.79 0.62 0.76 1.87
481 0.24 0.00 0.06 0.16 0.26 0.87
482 0.98 0.86 0.17 0.04 0.12 1.69
483 0.15 0.08 0.95 0.00 0.13 0.90
484 0.28 0.10 0.91 0.29 0.16 1.24
485 0.35 0.23 0.28 0.49 0.90 1.44
486 0.32 0.69 0.45 0.12 0.26 1.48
487 0.20 0.35 0.21 0.26 0.47 1.25
488 0.48 0.24 0.33 0.65 0.23 1.65
489 0.40 0.75 0.31 0.35 0.75 1.72
490 0.44 0.62 0.80 0.30 0.86 1.70
491 0.96 0.65 0.10 0.19 0.09 1.63
492 0.00 0.52 0.73 0.45 0.63 1.60
493 0.94 0.59 0.94 0.15 0.80 1.69
494 0.41 0.63 0.04 0.68 0.22 1.91
495 0.22 0.08 0.97 0.53 0.43 1.42
496 0.66 0.92 0.01 0.46 0.17 2.01
497 0.82 0.37 0.77 0.86 0.56 2.12
498 0.86 0.86 0.08 0.54 0.26 2.11
499 0.66 0.48 0.85 0.55 0.58 1.87
500 0.60 0.90 0.21 0.64 0.58 2.18
501 0.43 0.81 0.62 0.35 0.28 1.83
502 1.00 0.01 0.20 0.00 0.43 1.00
503 0.37 0.77 0.75 0.13 0.63 1.60
504 0.31 0.94 0.44 0.34 0.43 1.88
505 0.70 0.95 0.86 0.50 0.44 2.21
506 0.45 0.10 0.34 0.61 0.69 1.50
507 0.88 0.99 0.50 0.49 0.34 2.22
508 0.73 0.49 0.30 0.93 0.44 2.19
509 0.68 0.25 0.21 0.43 0.33 1.47
510 0.79 0.69 0.22 0.23 0.97 1.69
511 0.60 0.88 0.92 0.46 0.38 2.10
512 0.31 0.91 0.43 0.60 0.52 2.10
513 0.07 0.48 0.51 0.52 0.92 1.61
514 0.80 0.25 0.36 0.10 0.13 1.25
515 0.75 0.73 0.33 0.90 0.11 2.33
516 0.66 0.69 0.79 0.83 0.92 2.32
517 0.76 0.43 0.80 0.63 0.90 1.94
518 0.14 0.94 0.76 0.52 0.54 2.05
519 0.28 0.59 0.97 0.73 0.07 2.03
520 0.84 0.53 0.32 0.20 0.58 1.57
521 0.40 0.95 0.31 0.73 0.85 2.24
522 0.42 0.34 0.49 0.16 0.18 1.28
523 0.41 0.87 0.56 0.16 0.45 1.69
524 0.40 0.25 0.34 0.16 0.77 1.19
525 0.83 0.39 0.31 0.80 0.12 1.99
526 0.38 0.59 0.60 0.65 0.78 1.94
527 0.18 0.05 0.68 0.44 0.73 1.26
528 0.48 0.81 0.07 0.96 0.97 2.36
529 0.20 0.32 0.79 0.76 0.44 1.79
530 0.24 0.16 0.69 0.57 0.27 1.50
531 0.41 0.40 0.66 0.67 0.14 1.80
532 0.73 1.00 0.73 0.33 0.59 2.09
533 0.46 0.51 0.59 0.14 0.90 1.41
534 0.31 0.57 0.72 0.39 0.48 1.68
535 0.64 0.59 0.75 0.37 0.29 1.76
536 0.19 0.61 0.40 0.82 0.13 2.02
537 0.67 0.18 0.48 0.27 0.84 1.32
538 0.63 0.00 0.79 0.30 0.33 1.26
539 0.38 0.77 0.79 0.97 0.91 2.40
540 0.69 0.28 0.43 0.36 0.62 1.50
541 0.91 0.94 0.15 0.66 0.26 2.29
542 0.39 0.79 0.87 0.79 0.62 2.28
543 0.96 0.41 0.74 0.44 0.68 1.78
544 0.53 0.01 0.68 0.32 0.31 1.24
545 0.01 0.65 0.08 0.75 0.62 1.87
546 0.94 0.44 0.85 0.32 0.75 1.73
547 0.42 0.22 0.64 0.57 0.83 1.58
548 0.90 0.91 0.62 0.73 0.70 2.43
549 0.19 0.63 0.05 0.93 0.07 2.06
550 0.73 0.46 0.02 0.41 0.73 1.63
551 0.29 0.37 0.39 0.37 0.12 1.42
552 0.95 0.26 0.51 0.81 0.53 1.99
553 0.26 0.17 0.75 0.85 0.74 1.77
554 0.58 0.70 0.60 0.20 0.42 1.67
555 0.30 0.39 0.05 0.35 0.26 1.37
556 0.07 0.03 0.72 0.04 0.45 0.86
557 0.46 0.33 0.77 0.79 0.65 1.90
558 0.89 0.75 0.86 0.40 0.55 2.03
559 0.39 0.61 0.72 0.14 0.41 1.48
560 0.42 0.67 0.11 0.97 0.82 2.23
561 0.53 0.27 0.15 0.54 0.57 1.54
562 0.41 0.55 0.55 0.14 0.60 1.44
563 0.00 0.54 0.93 0.72 0.33 1.89
564 0.57 0.62 0.08 0.43 0.97 1.74
565 0.58 0.82 0.53 0.25 0.91 1.78
566 0.89 0.62 0.58 1.00 0.58 2.44
567 0.39 0.48 0.80 0.55 0.01 1.77
568 0.32 0.91 0.52 0.88 0.05 2.37
569 0.11 0.83 0.54 0.04 0.55 1.44
570 0.82 0.56 0.12 0.84 0.94 2.16
571 0.03 0.37 0.77 0.56 0.62 1.59
572 0.63 0.45 0.19 0.20 0.40 1.42
573 0.77 0.54 0.88 0.52 0.09 1.93
574 0.84 0.84 0.00 0.36 0.72 1.91
575 1.00 0.42 0.50 0.48 0.45 1.80
576 0.05 0.25 0.96 0.17 0.10 1.18
577 0.91 0.15 0.47 0.62 0.72 1.70
578 0.03 0.25 0.12 0.22 0.45 1.09
579 0.46 0.94 0.95 0.34 0.46 1.99
580 0.99 0.13 0.30 0.94 0.43 1.98
581 0.97 0.88 0.85 0.47 0.36 2.20
582 0.25 0.47 0.61 0.21 0.59 1.41
583 0.66 0.12 0.74 0.07 0.70 1.13
584 0.41 0.11 0.95 0.47 0.33 1.46
585 0.35 0.93 0.21 0.30 0.22 1.78
586 0.67 0.28 0.35 0.93 0.22 2.01
587 0.78 0.85 0.10 0.62 0.32 2.13
588 0.41 0.87 0.74 0.97 0.04 2.49
589 0.33 0.63 0.11 0.07 0.70 1.31
590 0.80 0.42 0.76 0.70 0.90 2.02
591 0.08 0.05 0.83 0.25 0.35 1.07
592 0.00 0.92 0.58 0.35 0.85 1.80
593 0.74 0.07 0.70 0.84 0.65 1.83
594 0.96 0.25 0.47 0.70 0.17 1.88
595 0.50 0.98 0.80 0.56 0.99 2.22
596 0.45 0.36 0.42 0.21 0.01 1.34
597 0.31 0.24 0.06 0.09 0.49 1.02
598 0.36 0.04 0.36 0.89 0.34 1.69
599 0.16 0.63 0.41 0.80 0.47 2.00
600 0.00 0.76 0.67 0.47 0.41 1.81
601 0.80 0.92 0.34 0.60 0.48 2.22
602 0.33 0.00 0.80 0.70 0.16 1.54
603 0.81 0.96 0.35 0.82 0.05 2.46
604 0.79 0.18 0.04 0.15 0.07 1.18
605 0.37 0.31 0.65 0.73 0.11 1.78
606 0.13 0.73 0.82 0.75 0.20 2.10
607 0.18 0.55 0.13 0.52 0.09 1.62
608 0.56 0.79 0.04 0.30 0.49 1.74
609 0.20 0.11 0.45 0.50 0.94 1.33
610 0.44 0.29 0.07 0.48 0.44 1.47
611 0.09 0.85 0.69 0.74 0.58 2.14
612 0.80 0.82 0.26 0.56 0.52 2.11
613 0.46 0.74 0.06 0.54 0.21 1.87
614 0.10 0.04 0.95 0.14 0.34 1.01
615 0.44 0.29 0.41 0.84 0.79 1.86
616 0.34 0.28 0.08 0.36 0.71 1.33
617 0.46 0.45 0.51 0.15 0.14 1.35
618 0.04 0.90 0.96 0.30 0.46 1.81
619 0.48 0.71 0.15 0.49 0.25 1.81
620 0.31 0.54 0.24 0.26 0.63 1.45
621 0.58 0.65 0.92 0.99 0.49 2.40
622 0.66 0.28 0.77 0.69 0.64 1.85
623 0.42 0.15 0.04 0.93 0.25 1.76
624 0.18 0.97 0.15 0.09 0.21 1.58
625 0.56 0.52 0.92 0.71 0.95 2.04
626 0.12 0.97 0.49 0.36 0.22 1.86
627 0.12 0.94 0.87 0.99 0.87 2.49
628 0.31 0.60 0.15 0.03 0.29 1.27
629 0.74 0.45 0.39 0.78 0.38 2.01
630 0.64 0.91 0.30 0.74 0.01 2.31
631 0.52 0.30 0.47 0.44 0.01 1.51
632 0.43 0.51 0.97 0.87 0.86 2.16
633 0.15 0.99 0.80 0.97 0.93 2.50
634 0.63 0.28 0.48 0.78 0.25 1.87
635 0.77 0.47 0.71 0.11 0.25 1.46
636 0.04 0.76 0.11 0.29 0.45 1.55
637 0.07 0.75 0.75 0.54 0.20 1.88
638 0.75 0.97 0.65 0.67 0.84 2.39
639 0.52 0.77 0.77 0.27 0.74 1.78
640 0.65 0.89 0.96 0.13 0.62 1.84
641 0.22 0.85 0.09 0.87 0.96 2.21
642 0.29 0.91 0.67 0.40 0.15 1.94
643 0.12 0.47 0.90 0.86 0.01 1.99
644 0.05 0.56 0.93 0.70 0.19 1.92
645 0.71 0.22 0.95 0.49 0.48 1.64
646 0.69 0.14 0.33 0.60 0.22 1.59
647 0.94 0.77 0.07 0.03 0.64 1.57
648 0.03 0.32 0.50 0.65 0.66 1.61
649 0.65 0.77 0.13 0.55 0.58 1.98
650 0.09 0.60 0.15 0.02 0.30 1.19
651 0.34 0.73 0.51 0.24 0.22 1.62
652 0.95 0.92 0.31 0.27 0.47 1.97
653 0.52 0.22 0.24 0.54 0.20 1.51
654 0.88 0.52 0.52 0.33 0.17 1.72
655 0.18 0.97 0.89 0.26 0.52 1.85
656 0.47 0.35 0.12 0.57 0.37 1.63
657 0.42 0.86 0.11 0.88 0.09 2.27
658 0.28 0.83 0.97 0.53 0.10 2.05
659 0.44 0.00 0.27 0.63 0.54 1.41
660 0.47 0.46 0.01 0.93 0.78 2.03
661 0.18 0.06 0.76 0.02 0.32 0.88
662 0.23 0.49 0.67 0.35 0.01 1.54
663 0.99 0.72 0.87 0.10 0.55 1.74
664 0.96 0.32 0.38 0.93 0.80 2.14
665 0.43 0.37 0.81 0.65 0.00 1.80
666 0.30 0.12 0.46 0.31 0.05 1.20
667 0.20 0.43 0.11 0.95 0.45 1.94
668 0.43 0.18 0.89 0.05 0.48 1.12
669 0.90 0.04 0.15 0.77 0.08 1.68
670 0.70 0.74 0.40 0.03 0.67 1.54
671 0.15 0.41 0.99 0.96 0.06 2.06
672 0.94 0.20 0.18 0.41 0.46 1.51
673 0.23 0.55 0.84 0.28 0.50 1.54
674 0.24 0.66 0.63 0.13 0.70 1.47
675 0.11 0.98 0.74 0.26 0.75 1.81
676 0.77 0.96 0.44 0.17 0.94 1.88
677 0.05 0.27 0.35 0.04 0.18 0.96
678 0.41 0.99 0.38 0.59 0.34 2.16
679 0.79 0.76 0.89 0.63 0.99 2.22
680 0.34 0.87 0.65 0.97 0.95 2.47
681 0.30 0.09 0.93 0.04 0.30 0.98
682 0.69 0.81 0.20 0.07 0.93 1.60
683 0.14 0.13 0.15 0.49 0.17 1.25
684 0.32 0.89 0.11 0.66 0.43 2.08
685 0.40 0.45 0.14 0.29 0.03 1.39
686 0.12 0.58 0.90 0.72 0.55 1.97
687 0.85 0.02 0.59 0.73 0.00 1.69
688 0.88 0.37 0.76 0.09 0.44 1.42
689 0.69 0.18 0.57 0.83 0.66 1.86
690 0.69 0.11 0.50 0.74 0.76 1.73
691 0.93 0.14 0.21 0.02 0.37 1.07
692 0.23 0.09 0.95 0.08 0.81 1.04
693 0.50 0.88 0.77 0.04 0.62 1.65
694 0.77 0.93 0.99 0.53 0.96 2.29
695 0.43 0.17 0.14 0.95 0.95 1.82
696 0.75 0.64 0.05 0.25 0.38 1.63
697 0.81 0.13 0.47 0.97 0.15 1.97
698 0.84 0.15 0.24 0.80 0.24 1.81
699 0.99 0.25 0.12 0.76 0.29 1.87
700 0.69 0.54 0.17 0.63 0.02 1.90
701 0.13 0.06 0.19 0.21 0.96 0.96
702 0.13 0.96 0.55 0.14 0.21 1.66
703 0.88 0.95 0.34 0.35 0.87 2.03
704 0.44 0.19 0.02 0.62 0.93 1.53
705 0.26 0.61 0.18 0.33 0.33 1.53
706 0.42 0.97 0.81 0.59 0.59 2.23
707 0.83 0.66 0.65 0.02 0.82 1.54
708 0.56 0.10 0.79 0.10 0.24 1.13
709 0.95 0.98 0.14 0.24 0.33 1.93
710 0.01 0.62 0.46 0.03 0.25 1.25
711 0.35 0.24 0.81 0.48 0.57 1.51
712 0.13 0.90 0.54 0.95 0.43 2.37
713 0.13 0.78 0.05 0.73 0.75 1.98
714 0.87 0.23 0.85 0.60 0.34 1.81
715 0.09 0.50 0.27 0.23 0.74 1.31
716 0.54 0.23 0.36 0.01 0.21 1.07
717 0.55 0.30 0.45 0.36 0.78 1.46
718 0.97 0.49 0.63 0.51 0.39 1.92
719 0.06 0.59 0.17 0.06 0.27 1.19
720 0.86 0.87 0.50 0.71 0.48 2.35
721 0.79 0.75 0.98 0.06 0.97 1.68
722 0.66 0.60 0.15 0.02 0.55 1.37
723 0.32 0.57 0.85 0.77 0.93 2.05
724 0.58 0.74 0.38 0.21 0.20 1.67
725 0.71 0.22 0.74 0.83 0.27 1.92
726 0.96 0.69 0.15 0.41 0.40 1.89
727 0.58 0.20 0.14 0.50 0.25 1.45
728 0.06 0.16 0.80 0.17 0.18 1.09
729 0.35 0.48 0.71 0.15 0.20 1.38
730 0.59 0.74 0.94 0.91 0.95 2.43
731 0.10 0.63 0.11 0.79 0.45 1.91
732 0.39 0.74 0.14 0.48 0.15 1.83
733 0.54 0.01 0.34 0.63 0.51 1.46
734 0.54 0.65 0.67 0.34 0.81 1.76
735 0.80 0.64 0.24 0.51 0.79 1.90
736 0.44 0.05 0.47 0.34 0.96 1.23
737 0.42 0.43 0.59 0.48 0.22 1.65
738 0.04 0.82 0.91 0.18 0.25 1.63
739 0.06 0.67 0.26 0.35 0.30 1.54
740 0.77 0.89 0.90 0.39 0.18 2.10
741 0.71 0.19 0.76 0.95 0.65 2.03
742 0.55 0.40 0.70 0.98 0.68 2.17
743 0.66 0.40 0.11 0.24 0.83 1.40
744 0.28 0.29 0.64 0.18 0.42 1.24
745 0.89 0.19 0.09 0.15 0.53 1.21
746 0.34 0.87 0.37 0.24 0.26 1.73
747 0.50 0.95 0.41 0.26 0.85 1.85
748 0.01 0.77 0.20 0.70 0.74 1.95
749 0.88 0.31 0.14 0.93 0.55 2.04
750 0.91 0.16 0.79 0.56 0.29 1.71
751 0.20 0.45 0.48 0.24 0.55 1.36
752 0.96 0.58 0.43 0.33 0.83 1.79
753 0.64 0.78 0.73 0.05 0.04 1.60
754 0.53 0.05 0.81 0.67 0.70 1.63
755 0.55 0.55 0.01 0.64 0.43 1.84
756 0.51 0.56 0.59 0.30 0.12 1.62
757 0.88 0.45 0.57 0.30 0.69 1.64
758 0.07 0.26 0.23 0.50 0.54 1.39
759 0.00 0.14 0.32 0.68 0.13 1.43
760 0.31 0.20 0.13 0.12 0.87 1.05
761 0.79 0.68 0.37 0.80 0.27 2.21
762 0.75 0.31 0.83 0.34 0.56 1.58
763 0.89 0.17 0.96 0.41 0.42 1.58
764 0.66 0.48 0.63 0.83 0.98 2.13
765 0.12 0.84 0.07 0.38 0.51 1.69
766 0.15 0.70 0.66 0.28 0.82 1.62
767 0.49 0.02 0.44 0.86 0.81 1.68
768 0.71 0.61 0.07 0.49 0.89 1.82
769 0.58 0.38 0.01 0.54 0.79 1.63
770 0.43 0.15 0.27 0.05 0.98 1.00
771 0.20 0.17 0.77 0.27 0.55 1.21
772 0.28 0.42 0.20 0.89 0.65 1.94
773 0.96 0.38 0.66 0.40 0.18 1.71
774 0.42 0.06 0.74 0.45 0.55 1.38
775 0.63 0.03 0.88 0.59 0.57 1.55
776 0.67 0.01 0.67 0.89 0.01 1.82
777 0.65 0.10 0.18 0.37 0.36 1.28
778 0.68 0.65 0.73 0.88 0.49 2.32
779 0.33 0.84 0.86 0.94 0.19 2.41
780 0.05 0.31 0.25 0.73 0.76 1.65
781 0.75 0.36 0.73 0.64 0.90 1.88
782 0.30 0.26 0.91 0.92 0.15 1.96
783 0.93 0.52 0.25 0.06 0.89 1.43
784 0.56 0.74 0.54 0.24 0.57 1.72
785 0.98 0.57 0.36 0.84 0.50 2.22
786 0.55 0.84 0.81 0.75 0.57 2.32
787 0.52 0.45 0.88 0.25 0.04 1.52
788 0.79 0.50 0.30 0.65 0.42 1.94
789 0.40 0.58 0.95 0.59 0.58 1.92
790 0.84 0.15 0.27 0.33 0.39 1.39
791 0.84 0.31 0.96 0.14 0.09 1.42
792 0.41 0.64 0.88 0.17 0.39 1.59
793 0.40 0.69 0.79 0.23 0.89 1.65
794 0.83 0.97 0.39 0.07 0.61 1.80
795 0.76 0.42 0.14 0.66 0.01 1.83
796 0.72 0.44 0.17 0.99 0.77 2.19
797 0.51 0.78 0.03 0.47 0.92 1.85
798 0.07 0.83 0.51 0.95 0.95 2.31
799 0.85 0.30 0.58 0.64 0.53 1.83
800 0.47 0.41 0.50 0.80 0.44 1.96
801 0.11 0.56 0.85 0.20 0.17 1.44
802 0.86 0.92 0.61 0.03 0.86 1.78
803 0.33 0.54 0.59 0.36 0.95 1.60
804 0.47 0.38 0.73 0.98 0.28 2.13
805 0.67 0.83 0.58 0.26 0.41 1.83
806 0.12 0.68 0.83 0.62 0.48 1.94
807 0.26 0.68 0.99 0.12 0.88 1.53
808 0.11 0.93 0.75 0.72 0.91 2.22
809 0.56 0.05 0.39 0.16 0.36 1.06
810 0.35 0.57 0.74 0.02 0.55 1.36
811 0.97 0.70 0.33 0.55 0.91 2.06
812 0.74 0.62 0.53 0.56 0.23 1.98
813 0.01 0.78 0.86 0.95 0.84 2.28
814 0.69 0.05 0.77 0.39 0.72 1.40
815 0.68 0.95 0.77 0.07 0.06 1.78
816 0.07 0.37 0.58 0.76 0.39 1.78
817 0.13 0.73 0.04 0.46 0.29 1.68
818 0.89 0.20 0.91 0.42 0.71 1.63
819 0.09 0.38 0.49 0.90 0.33 1.88
820 0.32 0.59 0.33 0.04 0.93 1.32
821 0.05 0.72 0.88 0.77 0.74 2.08
822 0.89 0.84 0.11 0.47 0.61 2.04
823 0.45 0.55 0.34 0.43 0.95 1.67
824 0.63 0.33 0.10 0.48 0.75 1.57
825 0.81 0.52 0.08 0.24 0.42 1.52
826 0.42 0.51 0.01 0.70 0.56 1.84
827 0.88 0.75 0.22 0.76 0.52 2.24
828 0.96 0.59 0.31 0.02 0.01 1.48
829 0.91 0.41 0.55 0.25 0.85 1.57
830 0.45 0.83 0.12 0.55 0.26 1.97
831 0.83 0.36 0.78 0.91 0.54 2.15
832 0.20 0.32 0.06 0.15 0.97 1.13
833 0.61 0.03 0.72 0.79 0.74 1.71
834 0.18 0.70 0.29 0.49 0.67 1.77
835 0.29 0.35 0.08 0.80 0.60 1.76
836 0.88 0.25 0.38 0.00 0.80 1.19
837 0.64 0.83 0.10 0.42 0.68 1.89
838 0.65 0.56 0.96 0.70 0.71 2.12
839 0.93 0.27 0.69 0.60 0.05 1.80
840 0.44 0.73 0.75 0.72 0.22 2.16
841 0.42 0.96 0.57 0.45 0.76 2.04
842 0.13 0.33 0.96 0.51 0.27 1.58
843 0.76 0.10 0.05 0.86 0.46 1.75
844 0.73 0.45 0.02 0.69 0.11 1.88
845 0.69 0.57 0.37 0.38 0.17 1.71
846 0.38 0.77 0.90 0.08 0.44 1.59
847 0.07 0.45 0.40 0.59 0.90 1.63
848 0.11 0.72 0.17 0.07 0.17 1.34
849 0.40 0.82 0.22 0.45 0.63 1.85
850 0.68 0.13 0.03 0.71 0.77 1.64
851 0.14 0.34 0.34 0.51 0.72 1.49
852 0.51 0.89 0.49 0.35 0.92 1.92
853 0.93 0.42 0.37 0.28 0.01 1.56
854 0.27 0.39 0.67 0.39 0.45 1.51
855 0.80 0.78 0.22 0.02 0.17 1.54
856 0.80 0.65 0.30 0.83 0.36 2.23
857 0.02 0.97 0.70 0.36 0.43 1.85
858 0.37 0.87 0.27 0.81 0.17 2.25
859 0.19 0.69 0.59 0.56 0.97 1.86
860 0.54 0.77 0.30 0.22 0.11 1.67
861 0.70 0.96 0.89 0.93 0.98 2.63
862 0.01 0.72 0.58 0.26 0.50 1.57
863 0.94 0.28 0.47 0.59 0.64 1.77
864 0.85 0.91 0.46 0.12 0.72 1.82
865 0.63 0.26 0.36 0.16 0.76 1.24
866 0.27 0.70 0.53 0.58 0.87 1.92
867 0.64 0.28 0.83 0.47 0.15 1.63
868 0.76 0.48 0.83 0.34 0.75 1.73
869 0.33 0.22 0.98 0.75 0.76 1.78
870 0.62 0.60 0.67 0.08 0.67 1.50
871 0.34 0.65 0.92 0.69 0.82 2.06
872 0.68 0.97 0.52 0.17 0.49 1.86
873 0.34 0.75 0.77 0.17 0.23 1.61
874 0.87 0.88 0.66 0.70 0.17 2.38
875 0.36 0.03 0.39 0.33 0.78 1.15
876 0.10 0.95 0.32 0.71 0.98 2.16
877 0.94 0.05 0.58 0.81 0.69 1.82
878 0.40 0.49 0.61 0.87 0.61 2.08
879 0.05 0.21 0.36 0.77 0.33 1.59
880 0.54 0.65 0.15 0.20 0.35 1.54
881 0.32 0.51 0.33 0.71 0.84 1.86
882 0.10 0.76 0.74 0.38 0.48 1.76
883 0.67 0.32 0.53 0.25 0.12 1.41
884 0.17 0.60 0.57 0.73 0.42 1.95
885 0.12 0.78 0.62 0.49 0.55 1.84
886 0.90 0.98 0.20 0.05 0.18 1.77
887 0.54 0.37 0.64 0.87 0.04 2.01
888 0.43 0.92 0.80 0.17 0.25 1.79
889 0.28 0.79 0.51 0.75 0.99 2.13
890 0.58 0.87 0.59 0.10 0.60 1.71
891 0.01 0.22 0.38 0.58 0.71 1.42
892 0.93 0.43 0.69 0.12 0.48 1.50
893 0.82 0.61 0.80 0.41 0.43 1.88
894 0.79 0.83 0.35 0.54 0.95 2.12
895 0.54 0.82 0.68 0.05 0.52 1.61
896 0.67 0.64 0.40 0.21 0.73 1.63
897 0.94 0.17 0.90 0.32 0.75 1.51
898 0.56 0.25 0.13 0.20 0.32 1.23
899 0.56 0.97 0.93 0.36 0.37 2.06
900 0.31 0.10 0.20 0.66 0.64 1.49
901 0.10 0.21 0.41 0.78 0.21 1.63
902 0.93 0.46 0.80 0.28 0.62 1.69
903 0.53 0.17 0.79 0.38 0.49 1.42
904 0.48 0.94 0.69 0.61 0.14 2.23
905 0.96 0.17 0.11 0.84 0.48 1.87
906 0.48 0.16 0.58 0.63 0.82 1.61
907 0.23 0.68 0.98 0.64 0.46 1.99
908 0.19 0.52 0.86 0.98 0.74 2.19
909 0.48 0.46 0.91 0.26 0.84 1.55
910 0.40 0.75 0.74 0.04 0.31 1.52
911 0.88 0.99 0.48 0.98 0.84 2.69
912 0.91 0.41 0.99 0.50 0.98 1.89
913 0.76 0.67 0.66 0.69 0.31 2.15
914 0.07 0.82 0.83 0.93 0.76 2.33
915 0.57 0.41 0.17 0.43 0.62 1.56
916 0.96 0.83 0.32 0.70 0.81 2.30
917 0.63 0.52 0.81 0.06 0.50 1.42
918 0.59 0.97 0.86 0.53 0.42 2.24
919 0.84 0.24 0.09 0.45 0.93 1.52
920 0.40 0.51 0.70 0.17 0.44 1.46
921 0.45 0.69 0.80 0.62 0.12 2.03
922 0.37 0.53 0.89 0.68 0.23 1.97
923 0.65 0.26 0.75 0.46 0.32 1.59
924 0.20 1.00 0.24 0.01 0.53 1.54
925 0.65 0.85 0.77 0.69 0.25 2.27
926 0.64 0.04 0.76 0.34 0.16 1.32
927 0.15 0.79 0.85 0.95 0.36 2.33
928 0.91 0.32 0.89 0.75 0.95 2.05
929 0.07 0.41 0.21 0.77 0.81 1.73
930 0.48 0.96 0.81 0.71 0.97 2.36
931 0.28 0.31 0.77 1.00 0.00 2.02
932 0.97 0.64 0.04 0.73 0.97 2.15
933 0.20 0.88 0.71 1.00 0.78 2.44
934 0.03 0.86 0.05 0.87 0.61 2.16
935 1.00 0.88 0.97 0.16 0.65 1.94
936 0.73 0.63 0.56 0.53 0.34 1.97
937 0.49 0.76 0.61 0.21 0.76 1.68
938 0.56 0.17 0.35 0.54 0.90 1.53
939 0.27 0.69 0.74 0.93 0.69 2.26
940 0.47 0.96 0.50 0.47 0.77 2.07
941 0.06 0.47 0.66 0.03 0.57 1.15
942 0.31 0.75 0.21 0.82 0.24 2.14
943 0.50 0.31 0.95 0.05 0.51 1.23
944 0.71 0.61 0.63 0.06 0.15 1.50
945 0.49 0.27 0.84 0.22 0.20 1.35
946 0.48 0.64 0.16 0.97 0.11 2.24
947 0.88 0.03 0.52 0.54 0.01 1.52
948 0.10 0.80 0.71 0.25 0.57 1.66
949 0.89 0.75 0.87 0.84 0.75 2.43
950 0.33 0.50 0.36 0.96 0.56 2.11
951 0.51 0.45 0.78 0.30 0.62 1.55
952 0.98 0.78 0.21 0.09 0.70 1.69
953 0.32 0.97 0.68 0.79 0.46 2.35
954 0.69 0.89 0.26 0.34 0.09 1.92
955 0.77 0.24 0.78 0.64 0.08 1.79
956 0.53 0.92 0.58 0.89 0.83 2.47
957 0.08 0.34 0.23 0.86 0.64 1.77
958 0.80 0.79 0.42 0.02 0.88 1.61
959 0.06 0.29 0.80 0.74 0.08 1.71
960 0.27 0.38 0.92 0.47 0.72 1.63
961 0.00 0.25 0.91 0.78 0.84 1.72
962 0.98 0.31 0.76 0.51 0.14 1.80
963 0.60 0.54 0.49 0.78 0.35 2.05
964 0.07 0.58 0.13 0.49 0.60 1.62
965 0.96 0.50 0.89 0.76 0.25 2.18
966 0.92 0.03 0.63 0.83 0.45 1.84
967 0.30 0.83 0.70 0.21 0.56 1.69
968 0.54 0.19 0.82 0.25 0.65 1.35
969 0.97 0.80 0.14 0.40 0.58 1.96
970 0.43 0.48 0.16 0.51 0.92 1.67
971 0.77 0.47 0.42 0.60 0.18 1.87
972 0.67 0.52 0.21 0.25 0.35 1.54
973 0.66 0.55 0.14 0.31 0.76 1.58
974 0.70 0.85 0.90 0.47 0.05 2.12
975 0.49 0.39 0.85 0.63 0.79 1.83
976 0.43 0.01 0.22 0.59 0.52 1.39
977 0.14 0.31 1.00 0.56 0.86 1.62
978 0.18 0.18 0.33 0.34 0.38 1.23
979 0.64 0.95 0.93 0.77 0.21 2.45
980 0.63 0.42 0.06 0.48 0.89 1.64
981 0.06 0.97 0.28 0.91 0.55 2.31
982 0.02 0.33 0.56 0.24 0.88 1.25
983 0.04 0.38 0.13 0.03 0.89 1.00
984 0.95 0.16 0.02 0.28 0.45 1.33
985 0.35 0.91 0.35 0.23 0.63 1.73
986 0.56 0.86 0.05 0.56 0.34 2.03
987 0.90 0.62 0.26 0.13 0.47 1.55
988 0.81 0.10 0.76 0.32 0.34 1.41
989 0.63 0.36 0.67 0.72 0.34 1.89
990 0.51 0.66 0.45 0.48 0.94 1.87
991 0.85 0.84 0.80 0.20 0.07 1.87
992 0.44 0.71 0.88 0.44 0.27 1.90
993 0.16 0.33 0.84 0.42 0.41 1.48
994 0.31 0.18 0.51 0.07 0.45 1.04
995 0.80 0.65 0.76 0.42 0.36 1.90
996 0.10 0.93 0.98 0.50 0.37 2.04
997 0.86 0.30 0.20 0.67 0.50 1.79
998 0.22 0.10 0.16 0.09 0.49 0.91
999 0.43 0.25 0.77 0.26 0.62 1.34
